84
10 1
16 1
26 1
36 1
50 1
122 1
144 1
170 1
290 1
324 1
362 1
530 1
842 1
900 1
962 1
1370 1
1682 1
1764 1
1850 1
2210 1
2810 1
3482 1
3600 1
3722 1
4490 1
5042 1
5184 1
5330 1
6242 1
6890 1
7922 1
9410 1
10202 1
10404 1
10610 1
11450 1
11664 1
11882 1
12770 1
16130 1
17162 1
18770 1
19044 1
19322 1
22202 1
22500 1
22802 1
24650 1
26570 1
27890 1
29930 1
32042 1
32400 1
32762 1
36482 1
36864 1
37250 1
38810 1
39204 1
39602 1
44522 1
49730 1
51530 1
51984 1
52442 1
54290 1
57122 1
57600 1
58082 1
63002 1
66050 1
69170 1
72362 1
72900 1
73442 1
76730 1
78962 1
79524 1
80090 1
85850 1
94250 1
96722 1
97344 1
97970 1
